0 0.8500000000000001 0.28359375000000003 0.109375 0.08281250000000001
0 0.7562500000000001 0.30312500000000003 0.05625 0.059375000000000004
0 0.225 0.2703125 0.059375000000000004 0.05
0 0.44296875 0.596875 0.051562500000000004 0.065625
0 0.478125 0.41250000000000003 0.037500000000000006 0.043750000000000004
0 0.3375 0.2625 0.09062500000000001 0.07500000000000001
0 0.184375 0.28125 0.06875 0.05625
4 0.1640625 0.721875 0.06875 0.03125
4 0.353125 0.753125 0.07500000000000001 0.040625
5 0.85546875 0.5125000000000001 0.20468750000000002 0.340625
5 0.1484375 0.41875 0.13125 0.21250000000000002
5 0.31875000000000003 0.4109375 0.15625 0.23125
5 0.546875 0.6078125000000001 0.1875 0.08125
5 0.55 0.44296875 0.10312500000000001 0.0890625
5 0.76171875 0.41250000000000003 0.08281250000000001 0.146875
5 0.55 0.9437500000000001 0.18125000000000002 0.08125
0 0.44296875 0.95625 0.0421875 0.078125
