0 0.3453125 0.571875 0.028125 0.025
0 0.08671875000000001 0.58125 0.0234375 0.021875000000000002
0 0.659375 0.33984375 0.021875000000000002 0.0171875
0 0.234375 0.5906250000000001 0.018750000000000003 0.018750000000000003
4 0.321875 0.759375 0.018750000000000003 0.025
4 0.353125 0.759375 0.018750000000000003 0.025
6 0.34296875000000004 0.6734375 0.0703125 0.15937500000000002
6 0.08359375000000001 0.6546875000000001 0.051562500000000004 0.12187500000000001
6 0.23984375000000002 0.65234375 0.045312500000000006 0.09843750000000001
5 0.65234375 0.3921875 0.0484375 0.07500000000000001
