0 0.54921875 0.4859375 0.0578125 0.043750000000000004
0 0.371875 0.45 0.0625 0.046875
0 0.7562500000000001 0.45546875000000003 0.07500000000000001 0.0546875
0 0.6937500000000001 0.47500000000000003 0.059375000000000004 0.043750000000000004
0 0.25546875 0.434375 0.060937500000000006 0.043750000000000004
0 0.29609375 0.42500000000000004 0.045312500000000006 0.034375
4 0.54296875 0.84921875 0.0484375 0.026562500000000003
4 0.3953125 0.87421875 0.037500000000000006 0.0390625
4 0.496875 0.8406250000000001 0.025 0.03125
4 0.6648437500000001 0.846875 0.026562500000000003 0.034375
4 0.30546875 0.80859375 0.0203125 0.0234375
