0 0.972 0.4819277108433735 0.044 0.05421686746987952
0 0.7030000000000001 0.2213855421686747 0.054 0.06927710843373494
0 0.41400000000000003 0.3207831325301205 0.06 0.08132530120481928
1 0.35000000000000003 0.4427710843373494 0.052000000000000005 0.04819277108433735
1 0.714 0.36596385542168675 0.02 0.045180722891566265
1 0.262 0.2996987951807229 0.08 0.06325301204819278
1 0.724 0.4864457831325301 0.032 0.057228915662650606
4 0.776 0.6882530120481928 0.024 0.045180722891566265
4 0.683 0.6716867469879518 0.026000000000000002 0.030120481927710843
4 0.261 0.8237951807228916 0.046 0.02710843373493976
6 0.341 0.569277108433735 0.20600000000000002 0.5180722891566265
6 0.737 0.4789156626506024 0.13 0.43373493975903615
