0 0.359 0.5686666666666667 0.046 0.036
0 0.8260000000000001 0.45999999999999996 0.04 0.024
0 0.5 0.058666666666666666 0.044 0.026666666666666665
0 0.47700000000000004 0.31 0.034 0.017333333333333333
4 0.812 0.604 0.032 0.016
4 0.363 0.8266666666666667 0.058 0.029333333333333333
4 0.88 0.5873333333333333 0.02 0.017333333333333333
4 0.438 0.16066666666666665 0.044 0.014666666666666666
4 0.456 0.21066666666666667 0.024 0.018666666666666665
4 0.498 0.182 0.02 0.030666666666666665
6 0.8300000000000001 0.5366666666666666 0.116 0.12133333333333333
6 0.468 0.13266666666666665 0.14 0.17466666666666666
6 0.41200000000000003 0.6866666666666666 0.152 0.20533333333333334
6 0.5 0.39 0.076 0.148
