4 0.8859375 0.9640625 0.0625 0.046875
4 0.8460937500000001 0.909375 0.0578125 0.034375
4 0.278125 0.7984375 0.025 0.034375
4 0.134375 0.8343750000000001 0.043750000000000004 0.025
4 0.3875 0.84921875 0.025 0.035937500000000004
4 0.22812500000000002 0.80625 0.037500000000000006 0.03125
4 0.5710937500000001 0.8523437500000001 0.0234375 0.029687500000000002
4 0.08125 0.8718750000000001 0.028125 0.028125
4 0.5085937500000001 0.821875 0.0390625 0.07187500000000001
4 0.67734375 0.84921875 0.0390625 0.0390625
4 0.340625 0.8625 0.025 0.037500000000000006
4 0.65 0.84921875 0.034375 0.0421875
