0 0.251 0.20666666666666667 0.054 0.04533333333333333
0 0.373 0.21466666666666667 0.038 0.034666666666666665
0 0.162 0.19066666666666665 0.068 0.06133333333333333
0 0.10400000000000001 0.19066666666666665 0.048 0.04
1 0.396 0.39066666666666666 0.02 0.04533333333333333
1 0.093 0.4666666666666667 0.034 0.048
1 0.183 0.4706666666666667 0.034 0.04
1 0.28800000000000003 0.4066666666666667 0.028 0.034666666666666665
1 0.35000000000000003 0.39466666666666667 0.012 0.032
1 0.281 0.25466666666666665 0.018000000000000002 0.029333333333333333
4 0.122 0.7026666666666667 0.048 0.04533333333333333
4 0.176 0.6826666666666666 0.064 0.032
4 0.224 0.5946666666666667 0.036000000000000004 0.026666666666666665
