4 0.14300000000000002 0.8626666666666667 0.042 0.018666666666666665
4 0.28700000000000003 0.8626666666666667 0.034 0.018666666666666665
4 0.34600000000000003 0.8586666666666667 0.028 0.021333333333333333
4 0.657 0.8106666666666666 0.026000000000000002 0.016
4 0.097 0.8666666666666666 0.026000000000000002 0.021333333333333333
4 0.737 0.8066666666666666 0.026000000000000002 0.018666666666666665
4 0.37 0.848 0.032 0.016
4 0.6940000000000001 0.8066666666666666 0.024 0.018666666666666665
4 0.584 0.8226666666666667 0.02 0.018666666666666665
4 0.773 0.8146666666666667 0.018000000000000002 0.018666666666666665
4 0.791 0.7946666666666666 0.022 0.010666666666666666
4 0.452 0.8506666666666667 0.04 0.021333333333333333
4 0.25 0.8706666666666666 0.028 0.018666666666666665
4 0.616 0.832 0.024 0.016
