0 0.14300000000000002 0.3473053892215569 0.09 0.07784431137724551
0 0.326 0.3877245508982036 0.06 0.08083832335329341
0 0.23700000000000002 0.30538922155688625 0.078 0.07784431137724551
0 0.41500000000000004 0.5299401197604791 0.046 0.07784431137724551
0 0.435 0.5853293413173654 0.042 0.0688622754491018
0 0.506 0.4955089820359282 0.048 0.0688622754491018
0 0.527 0.45508982035928147 0.038 0.059880239520958084
4 0.743 0.8278443113772456 0.026000000000000002 0.04491017964071856
4 0.681 0.9071856287425151 0.05 0.05389221556886228
4 0.444 0.8038922155688624 0.048 0.03293413173652695
4 0.639 0.8862275449101797 0.034 0.029940119760479042
4 0.609 0.8517964071856288 0.03 0.038922155688622756
4 0.41500000000000004 0.847305389221557 0.038 0.035928143712574856
4 0.578 0.8263473053892216 0.04 0.023952095808383235
4 0.38 0.9341317365269461 0.04 0.05389221556886228
4 0.788 0.7769461077844312 0.036000000000000004 0.03293413173652695
