0 0.83125 0.5416666666666667 0.0575 0.05666666666666667
4 0.5975 0.885 0.025 0.023333333333333334
4 0.975 0.8450000000000001 0.03 0.030000000000000002
4 0.74625 0.9450000000000001 0.0225 0.030000000000000002
4 0.7075 0.92 0.05 0.02666666666666667
4 0.92125 0.8283333333333334 0.0325 0.023333333333333334
4 0.77875 0.9766666666666667 0.0525 0.02666666666666667
4 0.65625 0.8750000000000001 0.0325 0.023333333333333334
4 0.37875000000000003 0.885 0.0425 0.03666666666666667
4 0.4375 0.8016666666666667 0.015 0.023333333333333334
4 0.22625 0.9083333333333334 0.0425 0.030000000000000002
4 0.48875 0.8816666666666667 0.0175 0.030000000000000002
4 0.29375 0.8300000000000001 0.0375 0.02666666666666667
4 0.84875 0.9900000000000001 0.0225 0.02
4 0.2625 0.8966666666666667 0.055 0.02
4 0.99 0.8933333333333334 0.02 0.02
4 0.44875 0.88 0.0375 0.02666666666666667
4 0.3275 0.8700000000000001 0.02 0.02666666666666667
6 0.15125 0.68 0.0975 0.4
