0 0.648 0.5015060240963856 0.052000000000000005 0.05120481927710844
0 0.47200000000000003 0.4984939759036145 0.052000000000000005 0.05120481927710844
1 0.608 0.6596385542168675 0.024 0.030120481927710843
1 0.6 0.625 0.028 0.02710843373493976
1 0.512 0.6686746987951807 0.016 0.03614457831325302
1 0.491 0.6566265060240964 0.034 0.030120481927710843
4 0.463 0.9382530120481928 0.034 0.021084337349397592
4 0.495 0.9367469879518073 0.034 0.024096385542168676
5 0.47000000000000003 0.6475903614457832 0.076 0.1927710843373494
5 0.649 0.6370481927710844 0.078 0.1897590361445783
