0 0.5710000000000001 0.33066666666666666 0.054 0.05333333333333333
0 0.189 0.33999999999999997 0.066 0.072
0 0.327 0.7226666666666667 0.07 0.08533333333333333
0 0.922 0.3426666666666667 0.036000000000000004 0.04533333333333333
1 0.23700000000000002 0.6666666666666666 0.03 0.042666666666666665
1 0.419 0.8506666666666667 0.038 0.042666666666666665
1 0.915 0.4706666666666667 0.018000000000000002 0.034666666666666665
4 0.21 0.8626666666666667 0.04 0.11466666666666667
4 0.167 0.8346666666666667 0.042 0.112
4 0.532 0.6826666666666666 0.052000000000000005 0.10666666666666666
4 0.889 0.5546666666666666 0.054 0.08533333333333333
4 0.417 0.9626666666666667 0.054 0.07466666666666666
