4 0.363 0.8706666666666666 0.026000000000000002 0.029333333333333333
4 0.311 0.8266666666666667 0.038 0.026666666666666665
4 0.512 0.8866666666666666 0.032 0.034666666666666665
4 0.604 0.8986666666666666 0.048 0.03733333333333333
4 0.428 0.8666666666666666 0.024 0.026666666666666665
4 0.756 0.888 0.032 0.032
4 0.782 0.9106666666666666 0.048 0.04
4 0.8180000000000001 0.9346666666666666 0.052000000000000005 0.04
4 0.5760000000000001 0.88 0.04 0.032
4 0.672 0.8906666666666666 0.044 0.03733333333333333
4 0.463 0.8586666666666667 0.042 0.032
4 0.719 0.868 0.046 0.024
4 0.647 0.86 0.03 0.024
4 0.551 0.8346666666666667 0.03 0.026666666666666665
