0 0.13363028953229397 0.43333333333333335 0.04899777282850779 0.04
0 0.6369710467706013 0.42333333333333334 0.04008908685968819 0.05333333333333334
0 0.36525612472160357 0.38 0.04899777282850779 0.04
0 0.49665924276169265 0.4 0.04899777282850779 0.06666666666666667
0 0.3017817371937639 0.43833333333333335 0.0378619153674833 0.030000000000000002
0 0.7951002227171492 0.43000000000000005 0.044543429844097995 0.06666666666666667
1 0.8942093541202673 0.6216666666666667 0.024498886414253896 0.03666666666666667
1 0.43875278396436523 0.5516666666666667 0.022271714922048998 0.030000000000000002
1 0.20824053452115812 0.5650000000000001 0.024498886414253896 0.043333333333333335
1 0.7572383073496659 0.505 0.022271714922048998 0.03666666666666667
1 0.43207126948775054 0.42833333333333334 0.04008908685968819 0.030000000000000002
1 0.7505567928730512 0.54 0.022271714922048998 0.02666666666666667
4 0.35412026726057905 0.8766666666666667 0.044543429844097995 0.02666666666666667
4 0.29844097995545654 0.8716666666666667 0.04008908685968819 0.030000000000000002
4 0.8106904231625834 0.8133333333333334 0.04899777282850779 0.02
4 0.5289532293986636 0.8483333333333334 0.0378619153674833 0.030000000000000002
6 0.5267260579064588 0.635 0.16703786191536749 0.43000000000000005
6 0.14587973273942093 0.6766666666666667 0.12694877505567928 0.4
6 0.8340757238307349 0.6466666666666667 0.1403118040089087 0.39333333333333337
6 0.6636971046770601 0.6183333333333334 0.155902004454343 0.31
6 0.39309576837416477 0.6866666666666668 0.06458797327394208 0.32
