0 0.81171875 0.28671875 0.19843750000000002 0.24531250000000002
0 0.14296875 0.234375 0.16718750000000002 0.171875
0 0.5375 0.23750000000000002 0.05 0.05625
0 0.48125 0.240625 0.0625 0.059375000000000004
0 0.38671875 0.27109375 0.0546875 0.06406250000000001
0 0.6843750000000001 0.20859375000000002 0.096875 0.11406250000000001
0 0.6062500000000001 0.23046875 0.08125 0.1046875
1 0.53671875 0.6171875 0.0546875 0.06875
1 0.390625 0.7054687500000001 0.043750000000000004 0.09843750000000001
4 0.5593750000000001 0.9343750000000001 0.078125 0.12812500000000002
4 0.44609375 0.9640625 0.08281250000000001 0.06875
6 0.83359375 0.70859375 0.3296875 0.5765625
6 0.48046875 0.415625 0.1421875 0.19062500000000002
