0 0.502 0.45209580838323354 0.044 0.04790419161676647
0 0.176 0.5194610778443114 0.036000000000000004 0.038922155688622756
0 0.376 0.6526946107784432 0.032 0.04191616766467066
0 0.31 0.5104790419161677 0.02 0.02694610778443114
0 0.759 0.46556886227544914 0.018000000000000002 0.02095808383233533
4 0.508 0.9221556886227545 0.016 0.029940119760479042
4 0.334 0.8098802395209581 0.028 0.02095808383233533
4 0.663 0.8038922155688624 0.018000000000000002 0.02694610778443114
4 0.528 0.9670658682634731 0.028 0.029940119760479042
4 0.195 0.8622754491017964 0.018000000000000002 0.029940119760479042
4 0.37 0.782934131736527 0.012 0.02694610778443114
4 0.6990000000000001 0.9850299401197605 0.026000000000000002 0.029940119760479042
4 0.562 0.81437125748503 0.016 0.017964071856287428
4 0.722 0.9446107784431138 0.012 0.02694610778443114
