0 0.421 0.23614457831325303 0.05 0.04819277108433735
0 0.807 0.46987951807228917 0.058 0.05301204819277109
0 0.329 0.25783132530120484 0.054 0.04819277108433735
0 0.727 0.44939759036144583 0.058 0.04096385542168675
1 0.243 0.4265060240963856 0.03 0.03855421686746988
4 0.78 0.9012048192771085 0.032 0.06265060240963856
4 0.678 0.8409638554216868 0.04 0.03855421686746988
4 0.731 0.8361445783132531 0.062 0.07228915662650603
4 0.906 0.8132530120481929 0.028 0.0746987951807229
4 0.502 0.7084337349397591 0.032 0.04819277108433735
4 0.531 0.6686746987951808 0.054 0.06987951807228916
6 0.343 0.45662650602409643 0.234 0.4409638554216868
6 0.508 0.5084337349397591 0.112 0.3662650602409639
6 0.8200000000000001 0.683132530120482 0.116 0.35421686746987957
6 0.725 0.6433734939759037 0.11800000000000001 0.3518072289156627
