0 0.125 0.23493975903614459 0.078 0.0783132530120482
0 0.494 0.2530120481927711 0.064 0.060240963855421686
0 0.844 0.2620481927710844 0.076 0.07228915662650603
0 0.62 0.30873493975903615 0.06 0.06927710843373494
0 0.295 0.25 0.066 0.07228915662650603
4 0.652 0.944277108433735 0.056 0.06927710843373494
4 0.602 0.960843373493976 0.032 0.07228915662650603
4 0.34800000000000003 0.9894578313253013 0.04 0.021084337349397592
4 0.46 0.9457831325301206 0.032 0.10843373493975904
4 0.515 0.9397590361445783 0.054 0.10843373493975904
6 0.109 0.6701807228915663 0.186 0.6536144578313253
5 0.297 0.4984939759036145 0.158 0.3102409638554217
5 0.622 0.5180722891566265 0.12 0.27108433734939763
5 0.47100000000000003 0.4954819277108434 0.14200000000000002 0.286144578313253
