4 0.535 0.9747126436781609 0.054 0.0367816091954023
4 0.034 0.9770114942528736 0.044 0.0367816091954023
4 0.649 0.8988505747126436 0.026000000000000002 0.022988505747126436
4 0.7010000000000001 0.8931034482758621 0.046 0.02528735632183908
4 0.299 0.9908045977011494 0.046 0.013793103448275862
4 0.586 0.8666666666666667 0.04 0.022988505747126436
4 0.428 0.8770114942528735 0.028 0.02528735632183908
4 0.167 0.8908045977011494 0.042 0.02528735632183908
4 0.734 0.8011494252873563 0.02 0.016091954022988506
4 0.47200000000000003 0.9908045977011494 0.032 0.01839080459770115
4 0.922 0.8724137931034482 0.052000000000000005 0.029885057471264367
4 0.544 0.8747126436781609 0.02 0.016091954022988506
4 0.092 0.9528735632183908 0.06 0.03908045977011494
4 0.116 0.9011494252873563 0.04 0.027586206896551724
4 0.377 0.7885057471264367 0.038 0.022988505747126436
4 0.759 0.7942528735632184 0.03 0.016091954022988506
4 0.137 0.860919540229885 0.038 0.029885057471264367
4 0.405 0.7908045977011494 0.022 0.022988505747126436
4 0.98 0.8908045977011494 0.02 0.029885057471264367
4 0.05 0.9183908045977012 0.016 0.02528735632183908
4 0.266 0.9126436781609195 0.016 0.01839080459770115
4 0.536 0.9229885057471264 0.012 0.016091954022988506
6 0.272 0.7908045977011494 0.136 0.41839080459770117
6 0.677 0.7367816091954023 0.106 0.32873563218390806
6 0.503 0.7931034482758621 0.122 0.4
6 0.5730000000000001 0.7229885057471265 0.09 0.30114942528735633
6 0.061 0.7689655172413793 0.11800000000000001 0.42528735632183906
