0 0.426 0.3137535816618911 0.032 0.05444126074498567
0 0.875 0.330945558739255 0.026000000000000002 0.03151862464183381
0 0.5670000000000001 0.48567335243553006 0.066 0.09455587392550142
0 0.589 0.3481375358166189 0.026000000000000002 0.03724928366762178
1 0.581 0.6532951289398281 0.03 0.05157593123209169
1 0.499 0.5272206303724928 0.026000000000000002 0.034383954154727794
6 0.551 0.5601719197707736 0.146 0.2492836676217765
6 0.874 0.41117478510028654 0.116 0.14040114613180515
5 0.553 0.5573065902578797 0.14200000000000002 0.16905444126074498
5 0.613 0.3839541547277937 0.062 0.08022922636103151
4 0.868 0.40257879656160456 0.084 0.12320916905444125
