0 0.7566666666666667 0.16166666666666668 0.06666666666666667 0.09666666666666668
0 0.19666666666666668 0.23 0.07333333333333333 0.12000000000000001
0 0.4916666666666667 0.27666666666666667 0.06666666666666667 0.09333333333333334
1 0.08666666666666667 0.7300000000000001 0.043333333333333335 0.11333333333333334
1 0.27 0.785 0.030000000000000002 0.12333333333333334
1 0.8291666666666667 0.7233333333333334 0.04166666666666667 0.14
1 0.6991666666666667 0.4566666666666667 0.05166666666666667 0.13333333333333333
5 0.17416666666666666 0.5666666666666667 0.14500000000000002 0.39333333333333337
5 0.4716666666666667 0.6083333333333334 0.15666666666666668 0.43000000000000005
5 0.7541666666666668 0.52 0.155 0.43333333333333335
