0 0.329 0.5921450151057401 0.08600000000000001 0.09667673716012085
0 0.8200000000000001 0.5015105740181269 0.06 0.060422960725075525
0 0.47400000000000003 0.22054380664652568 0.07200000000000001 0.09667673716012085
0 0.23800000000000002 0.3640483383685801 0.1 0.11782477341389729
0 0.331 0.23564954682779457 0.082 0.08459214501510574
0 0.709 0.4637462235649547 0.054 0.0513595166163142
0 0.666 0.5120845921450151 0.068 0.08761329305135952
0 0.883 0.4743202416918429 0.038 0.060422960725075525
1 0.525 0.540785498489426 0.054 0.1027190332326284
1 0.736 0.5151057401812689 0.036000000000000004 0.0513595166163142
1 0.5630000000000001 0.4199395770392749 0.042 0.06646525679758308
6 0.166 0.7039274924471299 0.216 0.5740181268882175
6 0.41300000000000003 0.4788519637462236 0.134 0.4501510574018127
