0 0.776 0.15765765765765766 0.064 0.057057057057057055
0 0.168 0.16216216216216217 0.07200000000000001 0.09009009009009009
0 0.451 0.24474474474474475 0.062 0.0990990990990991
0 0.6920000000000001 0.2042042042042042 0.036000000000000004 0.04204204204204204
0 0.655 0.25675675675675674 0.042 0.08108108108108109
0 0.23800000000000002 0.13513513513513514 0.056 0.08408408408408408
1 0.8170000000000001 0.46996996996997 0.03 0.05105105105105105
1 0.678 0.4189189189189189 0.024 0.03903903903903904
1 0.783 0.42792792792792794 0.022 0.05105105105105105
1 0.325 0.4084084084084084 0.026000000000000002 0.05405405405405406
1 0.25 0.4159159159159159 0.032 0.03303303303303303
4 0.512 0.6381381381381381 0.052000000000000005 0.15315315315315314
4 0.795 0.6486486486486487 0.054 0.03003003003003003
4 0.8270000000000001 0.6771771771771772 0.07 0.03303303303303303
4 0.233 0.6816816816816816 0.08600000000000001 0.15015015015015015
4 0.707 0.6201201201201201 0.054 0.03303303303303303
6 0.8180000000000001 0.4294294294294294 0.096 0.4744744744744745
6 0.705 0.43543543543543545 0.094 0.39039039039039036
4 0.147 0.6981981981981982 0.066 0.14714714714714713
4 0.328 0.6426426426426426 0.07200000000000001 0.12012012012012012
4 0.275 0.6321321321321322 0.05 0.1111111111111111
4 0.426 0.6636636636636637 0.052000000000000005 0.13213213213213212
