0 0.47000000000000003 0.3784916201117319 0.044 0.04189944134078213
0 0.602 0.36731843575418993 0.044 0.04748603351955307
0 0.373 0.38687150837988826 0.074 0.07541899441340782
0 0.683 0.40502793296089384 0.03 0.0335195530726257
1 0.625 0.5796089385474861 0.022 0.036312849162011177
1 0.5720000000000001 0.5740223463687151 0.012 0.030726256983240226
1 0.717 0.5418994413407822 0.014 0.02793296089385475
1 0.39 0.7332402234636872 0.032 0.04748603351955307
1 0.508 0.5963687150837989 0.016 0.030726256983240226
1 0.323 0.659217877094972 0.018000000000000002 0.03910614525139665
1 0.435 0.5726256983240223 0.01 0.02793296089385475
1 0.662 0.5167597765363129 0.012 0.0223463687150838
1 0.327 0.6606145251396648 0.026000000000000002 0.04189944134078213
4 0.461 0.8491620111731844 0.038 0.07262569832402235
4 0.343 0.958100558659218 0.07 0.0558659217877095
4 0.5650000000000001 0.75 0.042 0.025139664804469275
4 0.628 0.7304469273743017 0.02 0.019553072625698324
4 0.47900000000000004 0.7541899441340782 0.022 0.02793296089385475
4 0.675 0.6550279329608939 0.022 0.019553072625698324
4 0.6940000000000001 0.659217877094972 0.012 0.02793296089385475
6 0.394 0.6983240223463687 0.164 0.49720670391061456
6 0.606 0.5796089385474861 0.10400000000000001 0.3324022346368715
6 0.6910000000000001 0.5432960893854749 0.074 0.21508379888268156
6 0.47600000000000003 0.585195530726257 0.092 0.3268156424581006
