4 0.78 0.7627627627627628 0.036000000000000004 0.024024024024024024
4 0.736 0.7612612612612613 0.02 0.02702702702702703
4 0.594 0.7627627627627628 0.02 0.024024024024024024
4 0.4 0.7552552552552553 0.02 0.02702702702702703
4 0.272 0.7597597597597597 0.032 0.03003003003003003
4 0.14 0.7567567567567568 0.02 0.04204204204204204
4 0.554 0.7612612612612613 0.02 0.02702702702702703
4 0.436 0.7612612612612613 0.02 0.02102102102102102
4 0.23 0.7627627627627628 0.024 0.024024024024024024
4 0.47100000000000003 0.7627627627627628 0.026000000000000002 0.036036036036036036
