0 0.5750000000000001 0.388 0.054 0.056
0 0.456 0.39866666666666667 0.052000000000000005 0.050666666666666665
0 0.332 0.42266666666666663 0.02 0.029333333333333333
0 0.381 0.42666666666666664 0.018000000000000002 0.026666666666666665
0 0.505 0.4066666666666667 0.034 0.034666666666666665
0 0.808 0.412 0.028 0.024
0 0.17 0.3506666666666667 0.02 0.018666666666666665
4 0.602 0.8306666666666667 0.024 0.029333333333333333
4 0.548 0.8706666666666666 0.04 0.034666666666666665
4 0.494 0.8266666666666667 0.02 0.026666666666666665
4 0.427 0.872 0.03 0.032
4 0.52 0.7026666666666667 0.016 0.024
4 0.811 0.6906666666666667 0.018000000000000002 0.021333333333333333
4 0.784 0.6586666666666666 0.012 0.026666666666666665
