0 0.7000000000000001 0.32266666666666666 0.068 0.058666666666666666
0 0.267 0.37866666666666665 0.10200000000000001 0.09066666666666666
0 0.58 0.3426666666666667 0.052000000000000005 0.04533333333333333
0 0.51 0.33066666666666666 0.07200000000000001 0.064
0 0.42 0.3466666666666667 0.048 0.042666666666666665
4 0.486 0.9266666666666666 0.028 0.04
4 0.663 0.8466666666666667 0.054 0.034666666666666665
4 0.548 0.9146666666666666 0.032 0.042666666666666665
4 0.40700000000000003 0.7839999999999999 0.022 0.032
4 0.97 0.8826666666666666 0.06 0.026666666666666665
4 0.618 0.7946666666666666 0.028 0.021333333333333333
4 0.743 0.8626666666666667 0.03 0.056
