0 0.545 0.24074074074074073 0.114 0.11728395061728394
0 0.735 0.40277777777777773 0.07 0.09567901234567901
0 0.2 0.4104938271604938 0.064 0.07407407407407407
0 0.032 0.4768518518518518 0.028 0.033950617283950615
0 0.129 0.4768518518518518 0.03 0.033950617283950615
0 0.278 0.46141975308641975 0.028 0.033950617283950615
0 0.861 0.33641975308641975 0.094 0.11728395061728394
4 0.034 0.7546296296296295 0.028 0.021604938271604937
4 0.396 0.9614197530864197 0.052000000000000005 0.05246913580246913
4 0.28600000000000003 0.7175925925925926 0.044 0.021604938271604937
4 0.137 0.7484567901234568 0.026000000000000002 0.033950617283950615
