0 0.5650000000000001 0.2996987951807229 0.114 0.14156626506024098
0 0.268 0.23795180722891568 0.10400000000000001 0.13855421686746988
0 0.455 0.19427710843373494 0.026000000000000002 0.045180722891566265
0 0.35000000000000003 0.12951807228915663 0.036000000000000004 0.03614457831325302
1 0.272 0.5030120481927711 0.052000000000000005 0.07228915662650603
1 0.32 0.5180722891566265 0.06 0.0783132530120482
1 0.524 0.5978915662650602 0.052000000000000005 0.06927710843373494
4 0.219 0.733433734939759 0.05 0.07530120481927711
4 0.352 0.7364457831325302 0.068 0.08734939759036145
4 0.643 0.8704819277108434 0.10200000000000001 0.13253012048192772
6 0.637 0.6189759036144579 0.274 0.5210843373493976
6 0.267 0.4954819277108434 0.262 0.4427710843373494
