0 0.983 0.39006024096385544 0.034 0.045180722891566265
0 0.917 0.36897590361445787 0.038 0.045180722891566265
4 0.14200000000000002 0.9397590361445783 0.028 0.04819277108433735
4 0.562 0.9427710843373495 0.024 0.05421686746987952
4 0.982 0.8373493975903615 0.024 0.03614457831325302
4 0.09 0.9743975903614458 0.024 0.03313253012048193
4 0.266 0.960843373493976 0.024 0.03614457831325302
4 0.453 0.9698795180722892 0.046 0.024096385542168676
4 0.522 0.9789156626506025 0.024 0.03614457831325302
4 0.637 0.9939759036144579 0.026000000000000002 0.012048192771084338
4 0.734 0.8493975903614458 0.02 0.024096385542168676
4 0.911 0.7966867469879518 0.022 0.021084337349397592
4 0.23900000000000002 0.9352409638554218 0.022 0.0391566265060241
4 0.394 0.9728915662650602 0.028 0.030120481927710843
4 0.317 0.75 0.022 0.01807228915662651
4 0.20500000000000002 0.8629518072289157 0.026000000000000002 0.05120481927710844
4 0.668 0.9909638554216867 0.024 0.01807228915662651
4 0.933 0.7816265060240964 0.014 0.021084337349397592
4 0.588 0.855421686746988 0.016 0.024096385542168676
