0 0.11 0.27066666666666667 0.152 0.11466666666666667
0 0.272 0.30266666666666664 0.096 0.07733333333333334
0 0.9460000000000001 0.37066666666666664 0.07200000000000001 0.09066666666666666
1 0.327 0.5106666666666666 0.026000000000000002 0.056
4 0.81 0.8546666666666667 0.064 0.04
4 0.885 0.9119999999999999 0.034 0.048
4 0.3 0.952 0.056 0.048
4 0.025 0.8626666666666667 0.042 0.034666666666666665
4 0.595 0.8546666666666667 0.05 0.04533333333333333
4 0.5720000000000001 0.816 0.048 0.032
4 0.263 0.992 0.07 0.016
