0 0.33984375 0.353125 0.035937500000000004 0.040625
0 0.39687500000000003 0.36875 0.028125 0.040625
0 0.5593750000000001 0.31171875000000004 0.034375 0.051562500000000004
0 0.521875 0.30859375 0.037500000000000006 0.0421875
0 0.44062500000000004 0.384375 0.025 0.025
4 0.51875 0.76484375 0.025 0.026562500000000003
4 0.465625 0.6062500000000001 0.018750000000000003 0.028125
4 0.4 0.675 0.021875000000000002 0.021875000000000002
4 0.44062500000000004 0.6273437500000001 0.015625 0.0140625
4 0.34375 0.7375 0.021875000000000002 0.025
4 0.5437500000000001 0.74375 0.018750000000000003 0.034375
4 0.421875 0.68125 0.018750000000000003 0.015625
4 0.5750000000000001 0.6468750000000001 0.018750000000000003 0.015625
4 0.35859375000000004 0.7156250000000001 0.0171875 0.025
