0 0.34687500000000004 0.28046875 0.059375000000000004 0.0859375
0 0.078125 0.1875 0.059375000000000004 0.09375
0 0.48125 0.1390625 0.06875 0.09375
0 0.6648437500000001 0.275 0.0859375 0.12187500000000001
0 0.21875 0.2625 0.05 0.1
1 0.0125 0.503125 0.021875000000000002 0.05
1 0.13125 0.515625 0.021875000000000002 0.05
1 0.721875 0.7429687500000001 0.065625 0.1921875
1 0.415625 0.58359375 0.021875000000000002 0.09531250000000001
1 0.17734375000000002 0.5 0.0203125 0.08750000000000001
1 0.503125 0.6265625 0.034375 0.10312500000000001
4 0.42421875000000003 0.9281250000000001 0.0671875 0.05
4 0.115625 0.7515625 0.040625 0.125
4 0.037500000000000006 0.75 0.053125000000000006 0.140625
4 0.4890625 0.9617187500000001 0.0625 0.0765625
4 0.371875 0.8500000000000001 0.034375 0.078125
4 0.30625 0.8148437500000001 0.053125000000000006 0.0671875
4 0.24609375 0.78671875 0.035937500000000004 0.0703125
4 0.19296875000000002 0.7718750000000001 0.06406250000000001 0.08750000000000001
5 0.45625000000000004 0.403125 0.12812500000000002 0.31562500000000004
5 0.21875 0.42500000000000004 0.109375 0.21250000000000002
5 0.628125 0.6218750000000001 0.240625 0.47187500000000004
5 0.08359375000000001 0.39296875000000003 0.1640625 0.2828125
5 0.48046875 0.41875 0.1453125 0.340625
5 0.35234375 0.503125 0.0890625 0.296875
