0 0.565625 0.340625 0.1 0.05625
0 0.3796875 0.321875 0.10625000000000001 0.065625
4 0.36562500000000003 0.9078125 0.09375 0.028125
4 0.484375 0.89375 0.10625000000000001 0.043750000000000004
4 0.65546875 0.89609375 0.09531250000000001 0.045312500000000006
4 0.728125 0.909375 0.09375 0.037500000000000006
4 0.7718750000000001 0.9375 0.065625 0.05
0 0.71484375 0.30234375 0.1171875 0.0671875
5 0.31875000000000003 0.46796875000000004 0.21250000000000002 0.22968750000000002
5 0.5515625000000001 0.503125 0.225 0.19062500000000002
5 0.7875000000000001 0.47734375 0.215625 0.2265625
