0 0.696875 0.465625 0.05 0.05625
0 0.27421875 0.50625 0.0390625 0.059375000000000004
0 0.509375 0.5203125000000001 0.028125 0.025
0 0.42500000000000004 0.73046875 0.034375 0.0859375
1 0.28984375 0.690625 0.0203125 0.03125
1 0.640625 0.7406250000000001 0.043750000000000004 0.05
1 0.484375 0.9031250000000001 0.034375 0.06875
4 0.290625 0.8625 0.05 0.059375000000000004
4 0.6117187500000001 0.875 0.0390625 0.043750000000000004
4 0.6898437500000001 0.91796875 0.0421875 0.0765625
6 0.5265625 0.8250000000000001 0.140625 0.3375
6 0.68125 0.7375 0.140625 0.41875
6 0.22187500000000002 0.6960937500000001 0.1625 0.37031250000000004
6 0.22734375 0.6843750000000001 0.1796875 0.415625
