0 0.3140625 0.4703125 0.06015625 0.05078125
0 0.0453125 0.45859375 0.0859375 0.0640625
0 0.534375 0.475 0.03984375 0.04296875
0 0.81015625 0.4703125 0.0359375 0.034375
0 0.70625 0.47890625 0.03203125 0.034375
0 0.73125 0.47890625 0.0296875 0.034375
0 0.65078125 0.48671875 0.0296875 0.03984375
0 0.7671875 0.4828125 0.021875 0.0265625
1 0.31484375 0.73046875 0.0296875 0.04296875
3 0.56015625 0.83046875 0.028125 0.0453125
3 0.36171875 0.94296875 0.05234375 0.06640625
3 0.50703125 0.875 0.05 0.03203125
3 0.6859375 0.79453125 0.028125 0.04765625
3 0.7890625 0.77890625 0.02578125 0.015625
3 0.82109375 0.80703125 0.02578125 0.01875
3 0.6203125 0.83046875 0.028125 0.0296875
3 0.25703125 0.99453125 0.05390625 0.0109375
3 0.759375 0.7265625 0.0140625 0.01875
3 0.721875 0.75078125 0.02421875 0.0296875
4 0.04296875 0.6625 0.0859375 0.29609375
4 0.30234375 0.6546875 0.1078125 0.25859375
4 0.53203125 0.60234375 0.0921875 0.18125
4 0.640625 0.60234375 0.0703125 0.14921875
4 0.709375 0.57890625 0.05390625 0.13359375
4 0.8109375 0.57890625 0.0578125 0.13359375