0 0.971875 0.48203125 0.04375 0.05390625
0 0.703125 0.22109375 0.05390625 0.06953125
0 0.4140625 0.32109375 0.06015625 0.08125
1 0.35 0.44296875 0.05234375 0.0484375
1 0.7140625 0.365625 0.0203125 0.0453125
1 0.26171875 0.3 0.0796875 0.06328125
1 0.72421875 0.48671875 0.03203125 0.05703125
3 0.77578125 0.68828125 0.02421875 0.0453125
3 0.6828125 0.671875 0.02578125 0.03046875
3 0.2609375 0.8234375 0.04609375 0.02734375
5 0.340625 0.56953125 0.20625 0.51796875
5 0.73671875 0.47890625 0.1296875 0.43359375