0 0.93984375 0.359375 0.04765625 0.0390625
0 0.721875 0.33046875 0.0640625 0.0546875
0 0.29609375 0.41796875 0.05625 0.07265625
0 0.8578125 0.4 0.0921875 0.07890625
0 0.4578125 0.37890625 0.0640625 0.07890625
0 0.70703125 0.4109375 0.08203125 0.07578125
0 0.91328125 0.41796875 0.0421875 0.07890625
0 0.3640625 0.36953125 0.03984375 0.07265625
0 0.771875 0.36796875 0.04765625 0.0515625
0 0.40625 0.36640625 0.06015625 0.07890625
0 0.521875 0.3875 0.071875 0.07265625
0 0.49296875 0.3578125 0.0421875 0.0546875