0 0.3125 0.128125 0.08515625 0.11015625
0 0.9078125 0.228125 0.05 0.0703125
0 0.02109375 0.1203125 0.0421875 0.09296875
0 0.71484375 0.11640625 0.0296875 0.03984375
0 0.53125 0.21015625 0.0421875 0.0734375
0 0.79765625 0.11640625 0.03515625 0.03984375
0 0.5921875 0.196875 0.0546875 0.06640625
0 0.82890625 0.16015625 0.04765625 0.06640625
0 0.84765625 0.14140625 0.03515625 0.05
1 0.4109375 0.39140625 0.05234375 0.05
1 0.66640625 0.33671875 0.02265625 0.03984375
1 0.8453125 0.43671875 0.0296875 0.046875
1 0.64140625 0.38984375 0.02265625 0.03984375
1 0.1203125 0.19140625 0.03515625 0.05703125
1 0.7171875 0.3453125 0.025 0.05
1 0.54140625 0.4046875 0.02265625 0.03671875
1 0.7203125 0.33515625 0.0203125 0.0296875
1 0.1 0.2234375 0.0453125 0.03984375
3 0.11875 0.753125 0.0375 0.03984375
3 0.5875 0.525 0.025 0.0296875
3 0.7109375 0.425 0.02265625 0.0234375
3 0.29375 0.76171875 0.0671875 0.04296875
3 0.8140625 0.5765625 0.0375 0.046875
3 0.8609375 0.55 0.0328125 0.03984375
3 0.7515625 0.53203125 0.0421875 0.0296875
3 0.67734375 0.546875 0.03984375 0.0265625
3 0.63125 0.5515625 0.02265625 0.0296875
5 0.30859375 0.4796875 0.17734375 0.6
5 0.0703125 0.46484375 0.13515625 0.61015625