0 0.52265625 0.1890625 0.0421875 0.078125
0 0.40390625 0.29609375 0.04375 0.08125
0 0.84375 0.10390625 0.03203125 0.06875
0 0.87734375 0.08984375 0.05 0.06640625
1 0.36875 0.41328125 0.0296875 0.0390625
1 0.546875 0.35546875 0.02578125 0.0390625
1 0.44921875 0.3859375 0.034375 0.0390625
1 0.8453125 0.36484375 0.0296875 0.0453125
1 0.8203125 0.32578125 0.0359375 0.05703125
1 0.503125 0.36328125 0.01796875 0.0359375
1 0.36796875 0.51015625 0.0203125 0.0359375
3 0.36796875 0.51015625 0.0203125 0.0359375
3 0.4453125 0.5046875 0.04609375 0.0296875
3 0.503125 0.4921875 0.01796875 0.0359375
3 0.52421875 0.48671875 0.028125 0.0421875
3 0.89296875 0.56328125 0.07421875 0.05078125
3 0.84609375 0.51328125 0.0359375 0.0296875
3 0.859375 0.546875 0.034375 0.0359375