0 0.78984375 0.1796875 0.084375 0.0828125
0 0.74921875 0.28515625 0.078125 0.0828125
0 0.8859375 0.18828125 0.06796875 0.071875
0 0.6078125 0.27109375 0.07578125 0.09453125
1 0.746875 0.56484375 0.04609375 0.06640625
1 0.571875 0.42109375 0.0640625 0.05
1 0.64609375 0.55703125 0.04765625 0.04453125
1 0.69375 0.5625 0.03203125 0.06640625
3 0.7046875 0.865625 0.07421875 0.0359375
3 0.609375 0.77265625 0.05 0.03359375
3 0.5296875 0.778125 0.04375 0.0390625
3 0.81796875 0.88359375 0.03984375 0.02734375
5 0.78515625 0.56796875 0.1859375 0.6375
5 0.59296875 0.51953125 0.1703125 0.44609375
5 0.90234375 0.478125 0.11171875 0.46796875