0 0.2859375 0.1359375 0.0359375 0.03984375
0 0.88515625 0.69296875 0.0375 0.03984375
0 0.3421875 0.7 0.0359375 0.03671875
0 0.64609375 0.1390625 0.03359375 0.03359375
0 0.77578125 0.8421875 0.03359375 0.04609375
0 0.42265625 0.840625 0.02890625 0.04921875
1 0.05 0.915625 0.01640625 0.02734375
1 0.3421875 0.871875 0.01875 0.03046875
1 0.37109375 0.88046875 0.01484375 0.03046875
1 0.259375 0.17421875 0.01640625 0.03046875
1 0.95625 0.95078125 0.0125 0.02421875
3 0.24296875 0.40546875 0.025 0.02734375
3 0.69375 0.47265625 0.04375 0.02734375
3 0.27265625 0.47265625 0.04375 0.02109375
3 0.64921875 0.47734375 0.03984375 0.02421875
5 0.28125 0.32109375 0.10703125 0.32421875
5 0.6625 0.32578125 0.0984375 0.32109375
5 0.4171875 0.88046875 0.0859375 0.23828125