0 0.19921875 0.33046875 0.0375 0.06484375
0 0.79921875 0.42109375 0.02890625 0.05078125
0 0.0703125 0.33984375 0.0375 0.05546875
0 0.928125 0.41640625 0.0421875 0.06015625
0 0.33984375 0.34921875 0.03984375 0.06484375
0 0.3 0.43046875 0.0265625 0.0421875
0 0.571875 0.41875 0.03359375 0.05546875
0 0.70078125 0.390625 0.03359375 0.07421875
0 0.45234375 0.371875 0.0375 0.05546875
0 0.40234375 0.42578125 0.0265625 0.05078125
0 0.4921875 0.390625 0.02890625 0.046875
0 0.5375 0.44921875 0.0265625 0.05078125
0 0.65546875 0.4046875 0.03125 0.06484375
0 0.378125 0.73984375 0.01796875 0.05546875
0 0.63125 0.38828125 0.0265625 0.05078125
1 0.29921875 0.7 0.0203125 0.07890625
3 0.3578125 0.93046875 0.021875 0.028125
3 0.9109375 0.86015625 0.01328125 0.05546875
3 0.1875 0.91640625 0.02890625 0.046875
3 0.93984375 0.88125 0.021875 0.0328125
3 0.4953125 0.909375 0.01796875 0.0328125
3 0.4609375 0.93046875 0.02890625 0.0375
3 0.56015625 0.8859375 0.021875 0.05078125
3 0.21875 0.8953125 0.0203125 0.06015625
3 0.5921875 0.8859375 0.015625 0.0328125
3 0.07890625 0.91640625 0.0203125 0.0375
3 0.31796875 0.92578125 0.03125 0.028125
3 0.5296875 0.85546875 0.015625 0.028125
3 0.06875 0.909375 0.00859375 0.0328125