0 0.83125 0.54140625 0.0578125 0.05703125
3 0.59765625 0.88515625 0.025 0.0234375
3 0.975 0.8453125 0.0296875 0.0296875
3 0.74609375 0.9453125 0.02265625 0.0296875
3 0.7078125 0.9203125 0.05 0.0265625
3 0.92109375 0.828125 0.0328125 0.0234375
3 0.77890625 0.9765625 0.05234375 0.0265625
3 0.65625 0.875 0.0328125 0.0234375
3 0.37890625 0.88515625 0.0421875 0.03671875
3 0.4375 0.8015625 0.01484375 0.0234375
3 0.2265625 0.90859375 0.0421875 0.0296875
3 0.4890625 0.88203125 0.0171875 0.0296875
3 0.29375 0.8296875 0.0375 0.0265625
3 0.8484375 0.98984375 0.02265625 0.0203125
3 0.2625 0.896875 0.0546875 0.0203125
3 0.98984375 0.89296875 0.0203125 0.0203125
3 0.4484375 0.8796875 0.0375 0.0265625
3 0.32734375 0.8703125 0.0203125 0.0265625
5 0.1515625 0.6796875 0.09765625 0.4