0 0.14296875 0.34765625 0.08984375 0.078125
0 0.32578125 0.3875 0.06015625 0.08046875
0 0.23671875 0.30546875 0.078125 0.078125
0 0.41484375 0.5296875 0.04609375 0.078125
0 0.43515625 0.58515625 0.0421875 0.06875
0 0.50625 0.4953125 0.04765625 0.06875
0 0.52734375 0.45546875 0.03828125 0.06015625
3 0.74296875 0.828125 0.02578125 0.04453125
3 0.68125 0.90703125 0.05 0.05390625
3 0.44375 0.80390625 0.04765625 0.0328125
3 0.6390625 0.8859375 0.034375 0.0296875
3 0.609375 0.8515625 0.0296875 0.0390625
3 0.41484375 0.84765625 0.03828125 0.0359375
3 0.578125 0.8265625 0.03984375 0.02421875
3 0.3796875 0.934375 0.03984375 0.05390625
3 0.78828125 0.7765625 0.0359375 0.0328125