0 0.28515625 0.43046875 0.1046875 0.128125
0 0.34375 0.4015625 0.0421875 0.04921875
0 0.44140625 0.4375 0.0625 0.07578125
0 0.13125 0.42265625 0.0671875 0.06796875
1 0.4015625 0.6109375 0.0421875 0.0375
3 0.5515625 0.84921875 0.0625 0.0453125
3 0.4515625 0.92109375 0.0328125 0.053125
3 0.3359375 0.753125 0.0578125 0.04140625
3 0.15 0.86640625 0.05 0.04921875
5 0.4703125 0.6984375 0.16484375 0.4078125
5 0.28359375 0.75859375 0.22265625 0.47578125
1 0.53125 0.48515625 0.07265625 0.09453125
5 0.13984375 0.64375 0.13515625 0.36640625
5 0.3640625 0.5265625 0.07265625 0.2078125