0 0.721875 0.4578125 0.03203125 0.0328125
0 0.3921875 0.40859375 0.03203125 0.0359375
0 0.7859375 0.43359375 0.0359375 0.0390625
0 0.6421875 0.425 0.0359375 0.0390625
0 0.60703125 0.43515625 0.021875 0.0296875
3 0.403125 0.82109375 0.021875 0.0328125
3 0.6359375 0.79140625 0.02421875 0.0328125
3 0.56484375 0.75546875 0.01796875 0.0328125
3 0.8328125 0.74765625 0.01796875 0.02421875
3 0.96171875 0.80625 0.028125 0.0328125
3 0.53671875 0.7703125 0.02578125 0.02734375
3 0.7671875 0.83046875 0.02578125 0.02734375
3 0.91328125 0.775 0.01796875 0.0359375
3 0.671875 0.79453125 0.0203125 0.0390625
3 0.37265625 0.809375 0.02578125 0.0453125
3 0.7953125 0.8046875 0.02578125 0.0484375
3 0.715625 0.75390625 0.0203125 0.06640625
3 0.61328125 0.71015625 0.0140625 0.02109375
3 0.3703125 0.8125 0.0203125 0.0390625
3 0.734375 0.7671875 0.0203125 0.08125
3 0.59296875 0.7015625 0.01796875 0.02109375