0 0.50234375 0.45234375 0.04375 0.04765625
0 0.17578125 0.51953125 0.0359375 0.0390625
0 0.37578125 0.65234375 0.03203125 0.0421875
0 0.31015625 0.51015625 0.0203125 0.0265625
0 0.759375 0.465625 0.01796875 0.02109375
3 0.5078125 0.921875 0.015625 0.0296875
3 0.334375 0.81015625 0.028125 0.02109375
3 0.66328125 0.80390625 0.01796875 0.0265625
3 0.528125 0.9671875 0.028125 0.0296875
3 0.1953125 0.8625 0.01796875 0.0296875
3 0.3703125 0.7828125 0.01171875 0.0265625
3 0.69921875 0.98515625 0.02578125 0.0296875
3 0.56171875 0.8140625 0.015625 0.01796875
3 0.721875 0.94453125 0.01171875 0.0265625