3 0.36328125 0.8703125 0.02578125 0.0296875
3 0.3109375 0.8265625 0.03828125 0.0265625
3 0.51171875 0.88671875 0.03203125 0.034375
3 0.60390625 0.8984375 0.04765625 0.0375
3 0.428125 0.86640625 0.02421875 0.0265625
3 0.75625 0.88828125 0.03203125 0.03203125
3 0.78203125 0.9109375 0.04765625 0.03984375
3 0.81796875 0.934375 0.05234375 0.03984375
3 0.57578125 0.8796875 0.03984375 0.03203125
3 0.671875 0.890625 0.04375 0.0375
3 0.46328125 0.85859375 0.0421875 0.03203125
3 0.71875 0.86796875 0.04609375 0.02421875
3 0.646875 0.86015625 0.0296875 0.02421875
3 0.55078125 0.834375 0.0296875 0.0265625