3 0.32421875 0.725 0.02421875 0.02109375
3 0.68671875 0.78984375 0.04609375 0.02421875
3 0.27578125 0.725 0.0203125 0.0328125
3 0.4828125 0.71640625 0.01796875 0.02734375
3 0.728125 0.81953125 0.028125 0.0296875
3 0.784375 0.7375 0.02421875 0.02734375
3 0.37265625 0.67734375 0.01796875 0.02109375
3 0.5359375 0.7234375 0.03203125 0.02421875
3 0.34296875 0.67109375 0.0296875 0.02109375
3 0.58203125 0.73125 0.015625 0.02109375
3 0.440625 0.70859375 0.03828125 0.02421875
3 0.6296875 0.76875 0.0359375 0.02421875
3 0.42890625 0.68203125 0.021875 0.02421875
3 0.60078125 0.75234375 0.04609375 0.02109375
3 0.6609375 0.67578125 0.021875 0.02421875