0 0.13359375 0.43359375 0.04921875 0.03984375
0 0.63671875 0.4234375 0.03984375 0.053125
0 0.365625 0.3796875 0.04921875 0.03984375
0 0.496875 0.4 0.04921875 0.06640625
0 0.3015625 0.43828125 0.0375 0.0296875
0 0.7953125 0.4296875 0.04453125 0.06640625
1 0.89453125 0.621875 0.02421875 0.03671875
1 0.4390625 0.5515625 0.02265625 0.0296875
1 0.20859375 0.56484375 0.02421875 0.04296875
1 0.75703125 0.5046875 0.02265625 0.03671875
1 0.43203125 0.428125 0.03984375 0.0296875
1 0.75078125 0.53984375 0.02265625 0.0265625
3 0.35390625 0.8765625 0.04453125 0.0265625
3 0.2984375 0.871875 0.03984375 0.0296875
3 0.8109375 0.81328125 0.04921875 0.0203125
3 0.52890625 0.8484375 0.0375 0.0296875
5 0.5265625 0.63515625 0.1671875 0.4296875
5 0.14609375 0.6765625 0.1265625 0.4
5 0.834375 0.646875 0.140625 0.39296875
5 0.6640625 0.61796875 0.15625 0.31015625
5 0.39296875 0.68671875 0.06484375 0.3203125