0 0.42109375 0.2359375 0.05 0.0484375
0 0.80703125 0.46953125 0.0578125 0.053125
0 0.32890625 0.2578125 0.05390625 0.0484375
0 0.72734375 0.44921875 0.0578125 0.040625
1 0.24296875 0.4265625 0.0296875 0.03828125
3 0.7796875 0.9015625 0.03203125 0.0625
3 0.678125 0.840625 0.03984375 0.03828125
3 0.73125 0.8359375 0.06171875 0.07265625
3 0.90625 0.81328125 0.028125 0.075
3 0.50234375 0.70859375 0.03203125 0.0484375
3 0.53125 0.66875 0.05390625 0.06953125
5 0.34296875 0.45625 0.234375 0.440625
5 0.5078125 0.50859375 0.11171875 0.36640625
5 0.8203125 0.6828125 0.115625 0.35390625
5 0.725 0.64375 0.11796875 0.3515625