0 0.125 0.23515625 0.078125 0.078125
0 0.49375 0.253125 0.0640625 0.06015625
0 0.84375 0.26171875 0.07578125 0.07265625
0 0.6203125 0.30859375 0.06015625 0.06953125
0 0.2953125 0.25 0.065625 0.07265625
3 0.65234375 0.94453125 0.05625 0.06953125
3 0.60234375 0.9609375 0.03203125 0.07265625
3 0.346875 0.9890625 0.040625 0.021875
3 0.459375 0.9453125 0.03125 0.109375
3 0.51484375 0.93984375 0.05390625 0.10859375
5 0.109375 0.6703125 0.1859375 0.65390625
4 0.296875 0.4984375 0.1578125 0.31015625
4 0.621875 0.51796875 0.1203125 0.27109375
4 0.47109375 0.4953125 0.1421875 0.2859375