3 0.53515625 0.975 0.05390625 0.03671875
3 0.034375 0.97734375 0.04375 0.03671875
3 0.64921875 0.89921875 0.02578125 0.02265625
3 0.70078125 0.89296875 0.04609375 0.025
3 0.29921875 0.990625 0.04609375 0.0140625
3 0.5859375 0.86640625 0.03984375 0.02265625
3 0.428125 0.87734375 0.028125 0.025
3 0.1671875 0.890625 0.0421875 0.025
3 0.734375 0.80078125 0.0203125 0.01640625
3 0.471875 0.990625 0.03203125 0.01875
3 0.921875 0.87265625 0.05234375 0.0296875
3 0.54375 0.875 0.0203125 0.01640625
3 0.0921875 0.953125 0.06015625 0.0390625
3 0.115625 0.90078125 0.03984375 0.02734375
3 0.37734375 0.78828125 0.03828125 0.02265625
3 0.759375 0.79453125 0.0296875 0.01640625
3 0.13671875 0.8609375 0.03828125 0.0296875
3 0.4046875 0.790625 0.021875 0.02265625
3 0.9796875 0.890625 0.0203125 0.0296875
3 0.05 0.91875 0.015625 0.025
3 0.265625 0.9125 0.015625 0.01875
3 0.5359375 0.92265625 0.01171875 0.01640625
5 0.271875 0.790625 0.1359375 0.41875
5 0.67734375 0.73671875 0.10625 0.32890625
5 0.503125 0.79296875 0.121875 0.4
5 0.57265625 0.72265625 0.08984375 0.30078125
5 0.0609375 0.76875 0.11796875 0.425