0 0.32890625 0.5921875 0.0859375 0.096875
0 0.8203125 0.5015625 0.06015625 0.06015625
0 0.47421875 0.2203125 0.071875 0.096875
0 0.23828125 0.3640625 0.1 0.11796875
0 0.33125 0.2359375 0.08203125 0.084375
0 0.709375 0.4640625 0.05390625 0.0515625
0 0.665625 0.51171875 0.06796875 0.0875
0 0.8828125 0.47421875 0.03828125 0.06015625
1 0.525 0.540625 0.05390625 0.10234375
1 0.7359375 0.51484375 0.0359375 0.0515625
1 0.56328125 0.4203125 0.0421875 0.06640625
5 0.165625 0.70390625 0.215625 0.57421875
5 0.41328125 0.47890625 0.134375 0.45