0 0.77578125 0.1578125 0.0640625 0.05703125
0 0.16796875 0.1625 0.071875 0.08984375
0 0.45078125 0.24453125 0.06171875 0.09921875
0 0.6921875 0.20390625 0.0359375 0.0421875
0 0.6546875 0.25703125 0.0421875 0.08125
0 0.23828125 0.13515625 0.05625 0.084375
1 0.8171875 0.4703125 0.0296875 0.05078125
1 0.678125 0.41875 0.02421875 0.0390625
1 0.7828125 0.428125 0.021875 0.05078125
1 0.325 0.40859375 0.02578125 0.05390625
1 0.25 0.415625 0.03203125 0.0328125
3 0.51171875 0.63828125 0.05234375 0.153125
3 0.7953125 0.6484375 0.05390625 0.0296875
3 0.82734375 0.67734375 0.0703125 0.0328125
3 0.2328125 0.68203125 0.0859375 0.15
3 0.70703125 0.6203125 0.05390625 0.0328125
5 0.81796875 0.4296875 0.09609375 0.47421875
5 0.7046875 0.43515625 0.09375 0.390625
3 0.146875 0.6984375 0.065625 0.146875
3 0.328125 0.64296875 0.071875 0.1203125
3 0.275 0.63203125 0.05 0.1109375
3 0.42578125 0.66328125 0.05234375 0.13203125