0 0.63125 0.51640625 0.03828125 0.0484375
0 0.7578125 0.54375 0.03203125 0.0359375
0 0.37890625 0.5296875 0.0296875 0.0390625
3 0.7640625 0.90390625 0.028125 0.0296875
3 0.7109375 0.90390625 0.01796875 0.02421875
3 0.66328125 0.93515625 0.034375 0.02734375
3 0.22265625 0.9578125 0.0296875 0.0296875
3 0.565625 0.9625 0.04375 0.02734375
3 0.61875 0.94296875 0.01796875 0.02421875
3 0.534375 0.97578125 0.03203125 0.0359375
3 0.48515625 0.89375 0.0421875 0.02734375
3 0.44375 0.89921875 0.015625 0.0328125
3 0.0296875 0.98359375 0.05234375 0.02109375
3 0.496875 0.86171875 0.0140625 0.01796875
3 0.36015625 0.93828125 0.0203125 0.02734375