0 0.53671875 0.446875 0.03359375 0.03984375
0 0.678125 0.4 0.03984375 0.03984375
0 0.88671875 0.4546875 0.0359375 0.03671875
1 0.7375 0.628125 0.01796875 0.05
1 0.4890625 0.65703125 0.01796875 0.03359375
1 0.84140625 0.65703125 0.0203125 0.03984375
1 0.63671875 0.6296875 0.0203125 0.053125
1 0.56875 0.68515625 0.00859375 0.0296875
1 0.9421875 0.66484375 0.01796875 0.0234375
1 0.9453125 0.66015625 0.0203125 0.03984375
3 0.66875 0.81015625 0.021875 0.06640625
3 0.8796875 0.83671875 0.0359375 0.0203125
3 0.93125 0.84140625 0.021875 0.0234375
3 0.50859375 0.81015625 0.03984375 0.0796875
4 0.521875 0.546875 0.0796875 0.153125