0 0.22890625 0.28203125 0.03828125 0.0421875
0 0.3296875 0.30625 0.0359375 0.0421875
0 0.771875 0.28984375 0.05234375 0.05078125
0 0.42578125 0.3078125 0.03984375 0.0453125
0 0.7296875 0.3125 0.0359375 0.0421875
0 0.53515625 0.2984375 0.03828125 0.0390625
0 0.59921875 0.28984375 0.034375 0.0390625
0 0.56171875 0.32265625 0.0203125 0.02734375
0 0.64765625 0.3109375 0.028125 0.0328125
0 0.496875 0.3 0.034375 0.0296875
0 0.6171875 0.315625 0.0421875 0.0421875
3 0.79609375 0.82734375 0.028125 0.0390625
3 0.49609375 0.728125 0.03203125 0.02734375
3 0.30390625 0.7 0.0203125 0.0359375
3 0.2 0.70859375 0.0203125 0.0296875
3 0.3953125 0.71796875 0.02578125 0.0296875
3 0.34296875 0.6875 0.021875 0.0296875
3 0.7421875 0.79296875 0.05625 0.0359375
3 0.46796875 0.6453125 0.03203125 0.0296875
3 0.43671875 0.70703125 0.034375 0.02109375
3 0.6140625 0.75546875 0.05234375 0.02734375
3 0.64765625 0.78359375 0.028125 0.0359375
3 0.715625 0.6625 0.0359375 0.02734375
3 0.2328125 0.690625 0.034375 0.02421875
3 0.5546875 0.734375 0.01796875 0.02734375
3 0.5828125 0.70546875 0.03828125 0.02421875
3 0.553125 0.7328125 0.021875 0.0359375