0 0.1265625 0.36640625 0.046875 0.046875
0 0.3953125 0.31796875 0.0484375 0.05
0 0.75625 0.325 0.07578125 0.08359375
0 0.52890625 0.31640625 0.040625 0.046875
0 0.58046875 0.3734375 0.05859375 0.06015625
0 0.340625 0.36328125 0.040625 0.053125
0 0.48046875 0.3296875 0.03671875 0.03984375
0 0.059375 0.3984375 0.025 0.0296875
0 0.67578125 0.26171875 0.0734375 0.1234375
0 0.271875 0.353125 0.0546875 0.06015625
1 0.46015625 0.64140625 0.02734375 0.06328125
1 0.1796875 0.63359375 0.0171875 0.03984375
1 0.36328125 0.66015625 0.0234375 0.06015625
1 0.5328125 0.71484375 0.025 0.06328125
1 0.259375 0.43359375 0.025 0.053125
1 0.64453125 0.71484375 0.01953125 0.06328125
3 0.128125 0.88359375 0.0234375 0.03984375
3 0.1875 0.85859375 0.04453125 0.0296875
3 0.45078125 0.9 0.03125 0.06640625
3 0.31328125 0.96171875 0.0328125 0.05
3 0.51484375 0.83671875 0.03515625 0.03984375
3 0.57109375 0.96015625 0.05859375 0.046875
3 0.55625 0.83828125 0.0171875 0.0296875
3 0.68359375 0.96171875 0.04296875 0.03671875
3 0.275 0.95 0.025 0.03984375
3 0.328125 0.8296875 0.0234375 0.03359375
3 0.3796875 0.91171875 0.040625 0.05703125
3 0.62734375 0.98671875 0.03125 0.0265625
3 0.05625 0.6703125 0.0234375 0.0203125
3 0.46484375 0.7953125 0.0171875 0.0296875
3 0.49921875 0.7984375 0.01953125 0.0296875
4 0.1265625 0.5234375 0.08125 0.16015625
4 0.0546875 0.48671875 0.0390625 0.09296875
4 0.26484375 0.5546875 0.08359375 0.1703125
4 0.4 0.5046875 0.0890625 0.1703125
4 0.33984375 0.51171875 0.0546875 0.15
4 0.52734375 0.471875 0.05625 0.1234375
4 0.58359375 0.5796875 0.0875 0.2
4 0.740625 0.578125 0.12265625 0.28984375
4 0.68046875 0.428125 0.07578125 0.18984375