0 0.10078125 0.203125 0.165625 0.13984375
0 0.465625 0.2609375 0.07578125 0.0828125
0 0.6640625 0.25390625 0.05234375 0.05078125
0 0.3890625 0.2875 0.0421875 0.04765625
0 0.890625 0.2703125 0.10234375 0.0828125
0 0.784375 0.25546875 0.07578125 0.07109375
0 0.58828125 0.28359375 0.0359375 0.05078125
0 0.61328125 0.3015625 0.021875 0.0328125
0 0.15390625 0.34140625 0.03984375 0.04140625
3 0.63515625 0.80703125 0.02578125 0.04140625
3 0.28984375 0.65546875 0.03203125 0.0234375
3 0.38125 0.7375 0.02578125 0.03828125
3 0.71015625 0.95390625 0.071875 0.06796875
3 0.18125 0.65859375 0.034375 0.0234375
3 0.3578125 0.6484375 0.028125 0.0328125
3 0.2328125 0.66328125 0.021875 0.02109375
3 0.234375 0.6546875 0.028125 0.0328125