0 0.7 0.32265625 0.06796875 0.05859375
0 0.2671875 0.37890625 0.10234375 0.090625
0 0.5796875 0.34296875 0.05234375 0.0453125
0 0.51015625 0.33046875 0.071875 0.0640625
0 0.4203125 0.346875 0.04765625 0.04296875
3 0.4859375 0.9265625 0.028125 0.03984375
3 0.66328125 0.846875 0.05390625 0.034375
3 0.54765625 0.91484375 0.03203125 0.04296875
3 0.40703125 0.784375 0.021875 0.03203125
3 0.96953125 0.88203125 0.0609375 0.0265625
3 0.61796875 0.79453125 0.028125 0.02109375
3 0.74296875 0.8625 0.0296875 0.05625