0 0.575 0.38828125 0.05390625 0.05625
0 0.45625 0.3984375 0.05234375 0.05078125
0 0.33203125 0.42265625 0.0203125 0.0296875
0 0.38125 0.4265625 0.01796875 0.0265625
0 0.5046875 0.40703125 0.034375 0.034375
0 0.8078125 0.41171875 0.028125 0.02421875
0 0.1703125 0.35078125 0.0203125 0.01875
3 0.60234375 0.83046875 0.02421875 0.0296875
3 0.54765625 0.8703125 0.03984375 0.034375
3 0.49375 0.8265625 0.0203125 0.0265625
3 0.42734375 0.871875 0.0296875 0.03203125
3 0.5203125 0.70234375 0.015625 0.02421875
3 0.8109375 0.690625 0.01796875 0.02109375
3 0.784375 0.65859375 0.01171875 0.0265625