0 0.56484375 0.3 0.1140625 0.14140625
0 0.26796875 0.23828125 0.10390625 0.13828125
0 0.4546875 0.19453125 0.02578125 0.0453125
0 0.35 0.1296875 0.0359375 0.0359375
1 0.271875 0.503125 0.05234375 0.07265625
1 0.3203125 0.51796875 0.06015625 0.078125
1 0.52421875 0.59765625 0.05234375 0.06953125
3 0.21875 0.73359375 0.05 0.075
3 0.35234375 0.73671875 0.06796875 0.0875
3 0.64296875 0.8703125 0.10234375 0.1328125
5 0.63671875 0.61875 0.27421875 0.52109375
5 0.2671875 0.4953125 0.26171875 0.44296875