0 0.6765625 0.3109375 0.06953125 0.10234375
0 0.40546875 0.353125 0.040625 0.06171875
0 0.10859375 0.3421875 0.06953125 0.10859375
0 0.496875 0.3578125 0.0390625 0.06484375
1 0.7171875 0.6421875 0.0328125 0.06484375
1 0.6375 0.61796875 0.03671875 0.06484375
1 0.075 0.58203125 0.0390625 0.06796875
1 0.48671875 0.5 0.02265625 0.04609375
1 0.134375 0.678125 0.03515625 0.04296875
1 0.4234375 0.5046875 0.02265625 0.04296875
1 0.5078125 0.49375 0.0203125 0.04609375
1 0.43515625 0.471875 0.02265625 0.040625
3 0.72578125 0.68125 0.0328125 0.04296875
5 0.64765625 0.490625 0.2046875 0.30625
5 0.128125 0.5265625 0.190625 0.29140625
5 0.359375 0.44921875 0.1125 0.1671875
4 0.54375 0.42734375 0.0796875 0.1546875