0 0.26015625 0.41484375 0.03203125 0.0296875
0 0.30703125 0.4546875 0.02578125 0.0296875
0 0.4953125 0.45078125 0.03828125 0.03203125
0 0.64765625 0.42265625 0.04765625 0.05078125
3 0.21796875 0.75078125 0.02421875 0.02421875
3 0.25234375 0.74765625 0.015625 0.02421875
3 0.58671875 0.7640625 0.01796875 0.02421875
3 0.28125 0.70234375 0.0296875 0.01875
3 0.3078125 0.70703125 0.01171875 0.02109375
3 0.503125 0.7703125 0.02578125 0.0265625
3 0.46328125 0.775 0.01796875 0.0296875
3 0.68125 0.77890625 0.01796875 0.0265625
3 0.7296875 0.746875 0.028125 0.015625
3 0.6140625 0.81484375 0.04375 0.01875
3 0.64296875 0.83828125 0.03828125 0.034375
3 0.54765625 0.75078125 0.0203125 0.0296875
3 0.546875 0.7546875 0.01796875 0.02109375