0 0.4078125 0.3265625 0.05625 0.06015625
0 0.2 0.328125 0.06796875 0.08671875
0 0.83984375 0.353125 0.07578125 0.078125
0 0.0359375 0.3234375 0.071875 0.08984375
0 0.58984375 0.3203125 0.071875 0.078125
0 0.7390625 0.36640625 0.05390625 0.06875
0 0.96875 0.40390625 0.0421875 0.0359375
3 0.20390625 0.9375 0.0640625 0.0296875
3 0.36328125 0.884375 0.02578125 0.0390625
3 0.14765625 0.97578125 0.03203125 0.0359375
3 0.4203125 0.865625 0.05234375 0.0421875
3 0.5078125 0.8171875 0.03984375 0.0421875
3 0.45703125 0.828125 0.021875 0.0390625
3 0.9609375 0.7515625 0.01796875 0.0296875
3 0.68203125 0.88203125 0.028125 0.0328125
3 0.9890625 0.7578125 0.021875 0.0359375
5 0.16484375 0.6796875 0.1421875 0.58046875
5 0.82890625 0.678125 0.16171875 0.50625
5 0.58515625 0.69140625 0.14609375 0.6046875
5 0.396875 0.6390625 0.13828125 0.49375
0 0.5140625 0.37890625 0.04765625 0.05078125