0 0.21328125 0.4984375 0.0703125 0.13046875
0 0.5046875 0.21796875 0.121875 0.23046875
0 0.859375 0.07578125 0.10625 0.11484375
0 0.51328125 0.6390625 0.09375 0.13359375
0 0.859375 0.10625 0.10625 0.16953125
1 0.70625 0.76796875 0.1359375 0.209375
1 0.29765625 0.65 0.04765625 0.08203125
1 0.52109375 0.8484375 0.11796875 0.109375
5 0.7578125 0.56796875 0.4359375 0.8578125
4 0.403125 0.57734375 0.078125 0.16640625
4 0.77890625 0.42578125 0.30625 0.5484375
4 0.890625 0.28046875 0.13828125 0.209375
4 0.2546875 0.56796875 0.10625 0.16640625
4 0.5359375 0.77109375 0.11171875 0.17890625