0 0.9828125 0.38984375 0.034375 0.0453125
0 0.9171875 0.36875 0.03828125 0.0453125
3 0.1421875 0.93984375 0.028125 0.0484375
3 0.56171875 0.94296875 0.02421875 0.05390625
3 0.98203125 0.8375 0.02421875 0.0359375
3 0.08984375 0.97421875 0.02421875 0.0328125
3 0.265625 0.9609375 0.02421875 0.0359375
3 0.453125 0.96953125 0.04609375 0.02421875
3 0.521875 0.97890625 0.02421875 0.0359375
3 0.63671875 0.99375 0.02578125 0.01171875
3 0.734375 0.84921875 0.0203125 0.02421875
3 0.9109375 0.796875 0.021875 0.02109375
3 0.2390625 0.93515625 0.021875 0.0390625
3 0.39375 0.97265625 0.028125 0.03046875
3 0.3171875 0.75 0.021875 0.01796875
3 0.2046875 0.86328125 0.02578125 0.0515625
3 0.66796875 0.990625 0.02421875 0.01796875
3 0.9328125 0.78125 0.0140625 0.02109375
3 0.58828125 0.85546875 0.015625 0.02421875