0 0.2109375 0.15390625 0.08359375 0.09296875
0 0.80625 0.17109375 0.07890625 0.07890625
0 0.6734375 0.18203125 0.0765625 0.0640625
0 0.34296875 0.28203125 0.04296875 0.04296875
0 0.63671875 0.2515625 0.040625 0.06796875
0 0.4390625 0.15 0.059375 0.0640625
3 0.709375 0.90859375 0.04296875 0.0609375
3 0.8515625 0.978125 0.06875 0.04375
3 0.9484375 0.7484375 0.0546875 0.03203125
3 0.440625 0.81953125 0.05234375 0.0609375
3 0.49609375 0.8390625 0.05 0.05
3 0.26171875 0.88203125 0.04296875 0.04296875
3 0.77890625 0.925 0.0765625 0.04296875
3 0.64375 0.85703125 0.07890625 0.04296875
3 0.53359375 0.6875 0.0234375 0.0390625
3 0.334375 0.68203125 0.01640625 0.04296875
3 0.35625 0.68359375 0.02109375 0.0390625
3 0.24609375 0.93359375 0.08828125 0.04609375