0 0.69296875 0.36640625 0.046875 0.0515625
0 0.859375 0.31875 0.08359375 0.07421875
0 0.4125 0.37421875 0.04921875 0.04453125
0 0.49296875 0.35390625 0.03671875 0.040625
0 0.61875 0.41484375 0.03671875 0.03671875
3 0.3421875 0.85390625 0.02734375 0.03359375
3 0.7046875 0.8796875 0.02734375 0.0484375
3 0.77265625 0.9203125 0.07421875 0.040625
3 0.67265625 0.81875 0.0421875 0.0296875
3 0.41640625 0.8296875 0.03203125 0.0296875
3 0.840625 0.96328125 0.03671875 0.059375
3 0.56796875 0.76484375 0.034375 0.02578125
3 0.49375 0.7484375 0.0296875 0.04453125
3 0.61875 0.76484375 0.021875 0.02578125
3 0.440625 0.76640625 0.02734375 0.0296875
3 0.49609375 0.75546875 0.025 0.0296875