0 0.275 0.75625 0.134375 0.4875
0 0.6859375 0.71484375 0.12421875 0.3953125
0 0.84296875 0.5796875 0.05390625 0.11953125
0 0.50390625 0.76875 0.1203125 0.46171875
0 0.75703125 0.675 0.0703125 0.278125
0 0.946875 0.709375 0.10625 0.39296875
0 0.15078125 0.71171875 0.08984375 0.38359375
0 0.06171875 0.74453125 0.1203125 0.50078125
0 0.575 0.7046875 0.08984375 0.3609375
0 0.39765625 0.6609375 0.0796875 0.2828125
0 0.43203125 0.709375 0.1 0.35625
0 0.0921875 0.71953125 0.09609375 0.4
0 0.91171875 0.69921875 0.1 0.303125
0 0.234375 0.72890625 0.07578125 0.3859375