0 0.753125 0.72109375 0.10234375 0.39609375
0 0.63515625 0.7234375 0.08984375 0.4625
0 0.1296875 0.7234375 0.12421875 0.546875
0 0.92421875 0.74453125 0.1359375 0.5046875
0 0.28125 0.7328125 0.1140625 0.52890625
0 0.54609375 0.759375 0.0921875 0.47421875
0 0.221875 0.7359375 0.10390625 0.47421875
0 0.41171875 0.7390625 0.09609375 0.51640625
0 0.96171875 0.7640625 0.07578125 0.459375
0 0.3671875 0.73125 0.0578125 0.44765625
0 0.5109375 0.6953125 0.05390625 0.3515625
0 0.03984375 0.74609375 0.07578125 0.4953125
0 0.96171875 0.6984375 0.07578125 0.32109375
0 0.46484375 0.71171875 0.08203125 0.4140625